4600682041962
10
4600721021580
4
4650243873006
1
4600682002185
1
4607056587125
10
4600682042228
4
4600682530060
1
4600682000037
4
4600721025939
9
4600682042266
20
4607056588863
6
4607056588863
6
4607056589105
6
4640122541461
6
4640122541485
6
4607056586401
3
4607056586401
6
4610017252499
12
4600682251453
12
4600682003212
12
4600682019015
24
4600682044406
9
4600721026097
9
4600721026097
9
4607056587682
3
4600682026921
9
4610017252666
11
4610017254028
12
4600682024187
20
4600682042709
18
4610017252581
12
4610017252581
12
4600682044741
9
4600682027287
9
4600682044741
9
4600682044406
9
4610017253991
12
4610017252499
12
4610017252529
12
4610017252529
12
4610017252499
12
4610017252499
12
4610017252499
12
4610017254196
18
4610017254141
18
4610017253885
20
4610017253908
20
4610017253786
20
4610017254219
24
4610017254042
12
4610017254165
24
4610017254141
24
4600721015633
2
4600721022679
2
4605664012015
4
4605622008739
11
4600721015725
4
4605664012176
6
4605664011926
4
4600721021580
22
4605622008852
8
4605664012121
7
4600721023775
4
4605664002658
1
4600721028855
10
4600721021689
10
4600721024895
5
4600721021566
4
4600721018573
6
4600721018634
5
4605622010480
6
4605622008371
15
4600721025779
13
4600721025229
6
4600721018351
7
4600721025311
6
4600721026677
4
4600721026691
10
4600721027551
11
4600721027575
9
4600721025793
3
4600721026714
14
4600721027346
1
4605622010237
50
4600721027438
9
4600721027452
10
4600721027490
5
4600721022419
9
4600721024734
13
4600721024376
3
4600721026097
9
4600721026523
1
4600721025939
14
4600721025977
2
4650243873990
1
4600721025915
11
4600682042334
6
4600682045076
3
4600682042341
5
4600682042228
2
4600682042372
4
4600682042266
3
4600682042334
5
4600682045076
7
4600682042228
5
4600682007838
14
4600682034018
7
4600682002185
32
4600682024187
11
4600682000037
16
4600682511014
15
4600682044772
9
4600682407096
3
4600682200093
4
4600682407096
2
4600682044772
1
4600682000785
12
4600682007456
6
4600682200451
11
4600682024217
5
4600682483380
12
4600682045304
6
4600682041986
10
4600682042303
5
4600682035107
9
4600682033653
12
4600682011804
10
4600682045441
7
4600682530060
6
4600682042310
10
4600682036173
4
4600682042006
12
4600682043812
3
4600682019015
36
4600682005032
12
4600682027287
7
4600682044406
14
4600682042709
8
4600682044741
10
4600682026921
15
4600682027027
6
4600682030126
6
4600682042006
2
4600682039372
9
4600682033875
6
4680036912094
15
4680036918195
9
4699300050127
17
4650243873990
2
4650243873006
13
4680036915934
9
4680036910298
6
4680036912605
18
4699300098761
23
4610017252581
18
4610017252796
3
4610017252550
15
4610017252697
12
4610017255681
11
4610017252499
23
4610017252529
22
4610017252666
14
4610017253991
20
4610017254028
7
4610017253977
18
4610017253502
14
4610017253526
20
4610017253939
10
4610017253953
20
4610017253908
12
4610017253885
22
4610017252796
1
4610017253786
35
4610017254042
21
4610017254066
20
4610017254011
19
4610017254134
9
4610017254141
26
4600682042228
-1
4610017254233
13
4610017254165
27
4610017254219
9
4610017254233
21
4610017254196
10
4610017255711
6
4607056586753
11
4607056587705
1
4607056587026
6
4607056588191
5
4607056589983
3
4607056588085
6
4607056588085
9
4640122544189
5
4607056588061
9
4607056588108
5
4607056587125
6
4607056587132
2
4607056589266
3
4607056587033
5
4607056587057
5
4640122541485
2
4640122541461
2
4607056584537
3
4607056584216
4
4607056588924
2
4607056588900
2
4607056588863
2
4607056586296
2
4607056589105
6
4607056589181
4
4607056586401
2
4607056587682
3
4640122544066
3
4610017252529
5
4610017252499
5